         1 123456
         2 444546474849
         3 232730384346
         4 202531374043
         5 182628303642
         6 172027353749
         7 161826273244
         8 151827294143
         9 142024414348
        10 132831384247
        11 131631434449
        12 122224353940
        13 121617192343
        14 172334404244
        15 122241424347
        16 112228313741
        17 111523283648
        18 101920213048
        19 151924313747
        20 101113173946
        21 91325283639
        22 122329333747
        23 111218212330
        24 91019263449
        25 81518202833
        26 81219253134
        27 122527374448
        28 142130313234
        29 72223253943
        30 161839404347
        31 91419293344
        32 123036394546
        33 71112152227
        34 91825314649
        35 103438404345
        36 122429434649
        37 112935394447
        38 172223334546
        39 82024364547
        40 101417212542
        41 6710114348
        42 51324304647
        43 202634373942
        44 61832353840
        45 91120223044
        46 213739404548
        47 91424273637
        48 51014232829
        49 5614173543
        50 101127313435
        51 131718293134
        52 111625323438
        53 6915202640
        54 71620244246
        55 61113202429
        56 192332384149
        57 51415181926
        58 61116193340
        59 4619203135
        60 4713153542
        61 62225293341
        62 152123243840
        63 81229323641
        64 41930394041
        65 82528304045
        66 172231364248
        67 5713363738
        68 7811172026
        69 3816242648
        70 31926303247
        71 42124293744
        72 4523364445
        73 51628374046
        74  4 5 7252640
        75 6813234749
        76 4920283745
        77 22021253445
        78 5621254648
        79 71736404143
        80 5837414748
        81 41113222547
        82 192124284345
        83 31419343948
        84 4815233234
        85 81113303442
        86 72838394648
        87 51516202949
        88 101518404648
        89 61117213249
        90 3626353945
        91 8910153941
        92 21126333536
        93 42633344148
        94 2725414647
        95 2926293145
        96 2624303237
        97 378324244
        98 101516334244
        99 21221314249
       100 182122363944
       101 61013252745
       102 3821333446
       103 52728334548
       104 367123338
       105 233235363746
       106 101922313844
       107 52426334449
       108 5923273142
       109 242831343949
       110 12729313739
       111 21619274649
       112 23436434849
       113 369314748
       114 21014223748
       115 6719293949
       116 51024323842
       117 61618234142
       118 21417232439
       119 91422263242
       120 21630424748
       121 62832344447
       122 21318202335
       123 11517293248
       124 91213143048
       125 3734374145
       126 22427284044
       127 3928294049
       128 11419252728
       129 111617272942
       130 12039434549
       131 81617303137
       132 7938424549
       133 91217394749
       134 2310334143
       135 4512142147
       136 11112172840
       137 11618223133
       138 8917181938
       139 1722324649
       140 172628313235
       141 81319202239
       142 111825264548
       143 131819404549
       144 3413313237
       145 31525314245
       146 11123313845
       147 31126314446
       148 142830414449
       149 41420333842
       150 3410204044
       151 51931323639
       152 72835364749
       153 132432343545
       154 102223273647
       155 71213162829
       156 159222843
       157 1615213033
       158 71426273148
       159 1413243339
       160 2515253544
       161 2319232842
       162 61315163246
       163 3418224348
       164 1815353846
       165 32429303839
       166 112124253641
       167 101820323747
       168 2813153148
       169 14781027
       170 1321283236
       171 41016263743
       172 131416273538
       173 12529343540
       174 4511182749
       175 102936394042
       176 101214203649
       177 41825283844
       178 21116222443
       179 4614242549
       180 21012172935
       181 162830323343
       182 2411143045
       183 3616202137
       184 192628294146
       185 5612162234
       186 53335414246
       187 349162335
       188 1916343946
       189 62022283646
       190 1514374245
       191 51923354047
       192 91321222946
       193 11319233037
       194 72025333644
       195 121423263445
       196 202127324142
       197 2520262730
       198 31217222532
       199 41112242632
       200 1214384049
       201 2415161728
       202 3721232649
       203 2816383944
       204 51215334043
       205 151930364344
       206 1217314447
       207 101525303738
       208 141532333947
       209 132127303640
       210 5917203246
       211 102124263546
       212 31517262733
       213 42123253133
       214 81314263340
       215 172738394145
       216 11921222640
       217 489213648
       218 3913153844
       219 2512182445
       220 42527323946
       221 6717242747
       222 3519222737
       223 21322333444
       224 101218192839
       225 91030354347
       226 12526334247
       227 247182933
       228 51521283942
       229 112930313649
       230 5711313347
       231 4822284249
       232 91123324043
       233 151622232630
       234 7913242643
       235 91521374349
       236 142532364048
       237 3911183436
       238 81318374346
       239 102133404749
       240 81940424348
       241 121620324548
       242 1715164547
       243 31325333548
       244 51718253041
       245 182131354148
       246 1610363741
       247 101521223245
       248 1311244749
       249 72329314144
       250 111935373843
       251 62733394243
       252 4717223038
       253 152127344748
       254 3513233941
       255 72022293447
       256 82126323843
       257 1818293047
       258 41028303146
       259 111417344147
       260 61423384448
       261 11320253841
       262 41415374146
       263 31416252943
       264 31415223549
       265 1912151942
       266 51022303339
       267 51217263848
       268 12026284448
       269 269253843
       270 4615293647
       271 129273548
       272 81115404449
       273 82431333543
       274 31617364647
       275 8911272847
       276 6811253739
       277 161924344144
       278 163536424345
       279 22122353847
       280 91240414446
       281 7914152834
       282 162125303949
       283 102425284748
       284 62628373849
       285 6921354244
       286 11013152849
       287 111220384647
       288 81421272945
       289 71214183243
       290 368274041
       291 11433364346
       292 1910202333
       293 122024303334
       294 71317214448
       295 172428333638
       296 71927323440
       297 181927303335
       298 12426273438
       299 237153639
       300 172023283047
       301 2911131941
       302 1417182146
       303 21416212641
       304 111418203139
       305 81114193246
       306 2828293437
       307 131833364147
       308 71130323541
       309 41023394849
       310 71922354548
       311 31829353742
       312 5817344549
       313 469273034
       314 5611154145
       315 579101844
       316 1416192938
       317 31418284547
       318 1712232448
       319 21519333845
       320 12430314042
       321 41213343849
       322 22732434547
       323 132941424548
       324 358143036
       325 41526313839
       326 61729304446
       327 41934364246
       328 111718334344
       329 11834374449
       330 2612203941
       331 81025323549
       332 41624273145
       333 31115192129
       334 7815242529
       335 92223343738
       336 131617242540
       337 568102631
       338 81018222434
       339 61215171837
       340 92630333746
       341 8923252644
       342 71014163040
       343 31622384042
       344 6822434445
       345 1512132732
       346 42227354144
       347 152023394446
       348 5811162135
       349 61819243648
       350 92432394448
       351 81029333848
       352 1518203640
       353 92029353638
       354 3511204248
       355 63134414346
       356 31820242527
       357 3610304249
       358 51928303438
       359 82231324047
       360 71618192537
       361 111416233749
       362 41323262728
       363 31320283443
       364 121326353741
       365 122025283542
       366 2517213337
       367 171926374445
       368 101119424547
       369 139173045
       370 21827313638
       371 202729334046
       372 2812222646
       373 22029424344
       374 1211152037
       375 13233404145
       376 2613172642
       377 151730343539
       378 91622414849
       379 31721313943
       380 1218323942
       381 293233344249
       382 91016212838
       383 6721283140
       384 202631414749
       385 1616242835
       386 31223313640
       387 1714202135
       388 143135404546
       389 4918244247
       390 52527293847
       391 5729304345
       392 52229404448
       393 11012214344
       394 1623262943
       395 1222253036
       396 31214274246
       397 102324304145
       398 42233363740
       399 82627363949
       400 32833373944
       401 172434374648
       402 141718222740
       403 4711213439
       404 131415173645
       405 263035404849
       406 31215242841
       407 52021222431
       408 2511233446
       409 41017193233
       410 789353740
       411 52126293436
       412 4612404245
       413 121324364244
       414 263638404447
